1,0.24495,0.071611,0.22361,0.18074,0,0,0.17712,0.066667,0.26447,0.1291,0.15811,0.1101,0.10328,0,0.16979,0,0.11847,0.074536,0.10328,0.1118,0,0,0.067806,0.1291,0,1,0.14639,0,0.032275,0.032275,0.074536,0.1291,0.033333,0.066667,0.043033,0.1291,0.29617,0.06455,0.14809,0.091287,0.086066,0.14322,0.037268,0.10541,0.1291,0.10742,0.14322,0.23238,0.18787,0.1,0.4,0.21517,0.14086,0.23094,0.14322,0.14322,0.10742,0.091287,0.066667,0.17321,0.1633,0.1291,0.10328,0.052705,0.11847,0.18634,0.086066,0.1101,0.19365,0.071611,0.08165,0.084515,0.18787,0.18787,0.28402,0.052705,0.1,0.14907,0.11847,0.26352,0.18787,0.1101,0,0.14322,0.25049,0.2,0.1972,0.1118,0.1118,0.059235,0.21517,0.1291,0.091287,0.1291,0.10541,0.1,0.21517,0.1118,0.06455,0.1118,0.18634,0.037268,0.26352,0.17903,0.1291,0.1291,0.088852,0.15191,0.1118,0.071611,0.10328,0.1118,0.17903,0.029617,0.059235,0.21483,0.20656,0.37954,0.15215,0.071611,0.066667,0.26352,0.069007,0.16667,0.08165,0.08165,0.14907,0.1291,0.033333,0.071611,0.086066,0.14322,0.17321,0.1118,0.1,0.11847,0.1,0.20412,0.14086,0.1118,0.14809,0.21483,0.071611,0.21517,0.11847,0.1346,0.14322,0.15215,0.08165,0.14322,0.22361,0.043033,0.19365,0.1118,0.16151,0.13762,0.1291,0.17723,0.1291,0.074536,0.1,0.17321,0.1118,0.14434,0.086066,0.16151,0.074536,0.052705,0.14322,0,0.10541,0.15975,0.15215,0.043033,0.20412,0.20412,0.1291,0.13762,0.17903,0.21517,0.1291,0.073193,0,0.1291,0.1118,0.14809,0.10328,0.052705,0.043033,0.1,0.091287,0.1291,0.1118,0.16137,0.18447,0.17903,0.032275,0.26352,0.10742,0.1,0.071611,0.16151,0.059235,0.18787,0.1291,0.17321,0.1291,0.21517,0.08165,0.10768,0.15975,0.1291,0.043033,0.033333,0.074536,0.043033,0.1972,0.26352,0.1291,0.037268,0.18074,0.14907,0.14322,0.16137,0.10742,0.1118
0.24495,1,0.043853,0.30429,0.2846,0,0,0.29828,0.1633,0.22269,0.19764,0.2582,0.16855,0.15811,0,0.10398,0,0.072548,0.213,0.2846,0.13693,0,0,0.041523,0.19764,0,0.24495,0.38845,0,0.079057,0.079057,0.045644,0.15811,0.08165,0.040825,0.10541,0.19764,0.18137,0.19764,0.1451,0.1118,0.052705,0.26312,0.091287,0.06455,0.15811,0.13156,0.21926,0.34785,0.11504,0.12247,0.24495,0.21082,0.13801,0.24749,0.26312,0.26312,0.13156,0.1118,0.040825,0.21213,0.1,0.15811,0.18974,0.1291,0.18137,0.18257,0.052705,0.16855,0.15811,0.17541,0.25,0.10351,0.34513,0.26844,0.25298,0.1291,0.12247,0.091287,0.18137,0.2582,0.26844,0.16855,0,0.26312,0.34513,0.12247,0.17252,0.13693,0.13693,0.036274,0.21082,0.15811,0.1118,0.15811,0.06455,0.12247,0.21082,0.13693,0.15811,0.13693,0.18257,0.091287,0.2582,0.17541,0.23717,0.15811,0.10882,0.18605,0.13693,0.043853,0.15811,0.13693,0.17541,0.072548,0.1451,0.26312,0.22136,0.2958,0.29814,0.17541,0.040825,0.2582,0.21129,0.1633,0.25,0.25,0.091287,0.15811,0.08165,0.043853,0.052705,0.26312,0.21213,0.13693,0.12247,0.18137,0.12247,0.2,0.24152,0.13693,0.1451,0.35082,0.21926,0.21082,0.21764,0.13188,0.26312,0.29814,0.25,0.21926,0.30429,0.10541,0.15811,0.13693,0.19781,0.13484,0.31623,0.24807,0.19764,0.045644,0.12247,0.24749,0.13693,0.14142,0.052705,0.19781,0.27386,0.1291,0.26312,0,0.06455,0.13975,0.26087,0.10541,0.2,0.2,0.079057,0.13484,0.17541,0.21082,0.23717,0.20917,0,0.19764,0.13693,0.1451,0.15811,0.1291,0.10541,0.28577,0.1118,0.19764,0.13693,0.15811,0.16137,0.17541,0.079057,0.2582,0.13156,0.12247,0.17541,0.19781,0.1451,0.26844,0.15811,0.21213,0.079057,0.21082,0.25,0.29672,0.22361,0.23717,0.10541,0.08165,0.27386,0.10541,0.17252,0.2582,0.15811,0.091287,0.15811,0.091287,0.087706,0.15811,0.13156,0.13693
0.071611,0.043853,1,0.080064,0.083205,0.096561,0,0.071348,0,0.14204,0.10401,0.056614,0.088697,0.083205,0,0.091192,0,0.063628,0,0.027735,0.040032,0.080064,0.1849,0.14567,0.034669,0,0.071611,0.026207,0.071611,0,0,0.040032,0.046225,0,0.10742,0,0.034669,0.063628,0,0.095443,0.098058,0.046225,0.038462,0,0.056614,0.046225,0.038462,0.038462,0.083205,0.1009,0.14322,0.10742,0.046225,0.090784,0.12403,0.038462,0.11538,0.038462,0.065372,0.10742,0.062017,0.087706,0.046225,0.027735,0,0.063628,0.040032,0.046225,0.029566,0.10401,0,0,0.12105,0.067267,0.1009,0.11094,0,0.071611,0.080064,0.031814,0.056614,0.13453,0.088697,0.11323,0.038462,0.067267,0.10742,0.090784,0.080064,0.040032,0.031814,0.13868,0.046225,0.098058,0.09245,0.056614,0.14322,0.046225,0.040032,0.034669,0.040032,0.080064,0.080064,0.056614,0.076923,0.034669,0.09245,0.063628,0.054393,0.080064,0.19231,0.05547,0.040032,0.076923,0.12726,0.031814,0.038462,0.083205,0.074125,0.032686,0,0.071611,0.056614,0.14825,0.035806,0,0,0.080064,0.046225,0.10742,0.26923,0.046225,0.076923,0.062017,0.080064,0.035806,0.031814,0.035806,0.087706,0.030261,0.080064,0.063628,0.076923,0.038462,0.046225,0.031814,0.11566,0.076923,0.032686,0,0.038462,0.080064,0.09245,0.069338,0.040032,0.086747,0.059131,0.034669,0.054393,0.10401,0.040032,0.071611,0.062017,0.1201,0.12403,0.09245,0.057831,0,0,0.038462,0.22646,0.056614,0.1716,0.032686,0,0.087706,0.087706,0.10401,0.088697,0.076923,0.046225,0.034669,0,0.11323,0.10401,0.1201,0.031814,0.083205,0,0.09245,0,0.098058,0.034669,0.040032,0.10401,0.14153,0.076923,0.13868,0.056614,0.11538,0.035806,0,0.057831,0.063628,0.067267,0.046225,0.062017,0.10401,0.046225,0.043853,0,0.073544,0.13868,0.1849,0,0,0,0.090784,0.056614,0.046225,0.080064,0.083205,0.080064,0.076923,0.069338,0.038462,0.16013
0.22361,0.30429,0.080064,1,0.28868,0,0.024056,0.31355,0.14907,0.36961,0.24056,0.2357,0.20515,0.19245,0,0.22147,0,0.13245,0.24074,0.25019,0.16667,0.027778,0,0.07581,0.21651,0.026688,0.22361,0.30914,0,0.072169,0.072169,0.11111,0.19245,0.099381,0.074536,0.096225,0.26462,0.19868,0.19245,0.19868,0.13608,0.096225,0.24019,0.083333,0.11785,0.19245,0.16013,0.26688,0.32717,0.32673,0.17392,0.32299,0.22453,0.12599,0.27972,0.24019,0.24019,0.16013,0.13608,0.074536,0.2582,0.213,0.19245,0.2117,0.11785,0.22076,0.16667,0.096225,0.18464,0.21651,0.16013,0.213,0.12599,0.32673,0.28006,0.40415,0.19642,0.14907,0.22222,0.22076,0.2357,0.32673,0.20515,0,0.26688,0.28006,0.29814,0.29397,0.19444,0.16667,0.088302,0.19245,0.2566,0.13608,0.19245,0.15713,0.14907,0.19245,0.19444,0.14434,0.19444,0.16667,0.083333,0.2357,0.24019,0.21651,0.19245,0.13245,0.2642,0.16667,0.080064,0.19245,0.19444,0.24019,0.066227,0.1766,0.24019,0.32717,0.30861,0.29485,0.16013,0.074536,0.2357,0.18002,0.17392,0.213,0.213,0.22222,0.19245,0.099381,0.080064,0.096225,0.24019,0.27972,0.16667,0.14907,0.19868,0.14907,0.30429,0.25198,0.19444,0.22076,0.24019,0.18682,0.22453,0.28698,0.18058,0.24019,0.29485,0.213,0.24019,0.33333,0.096225,0.21651,0.19444,0.26084,0.20515,0.24056,0.30194,0.24056,0.11111,0.14907,0.2582,0.16667,0.19365,0.1283,0.26084,0.22222,0.11785,0.26688,0,0.11785,0.22113,0.29485,0.1283,0.30429,0.30429,0.14434,0.20515,0.24019,0.19245,0.24056,0.18185,0,0.21651,0.16667,0.13245,0.19245,0.11785,0.096225,0.24845,0.13608,0.21651,0.19444,0.24056,0.2357,0.24019,0.072169,0.2357,0.16013,0.17392,0.16013,0.24077,0.15453,0.28006,0.19245,0.27972,0.14434,0.19245,0.213,0.26084,0.27217,0.21651,0.096225,0.074536,0.22222,0.096225,0.25198,0.2357,0.19245,0.083333,0.26943,0.22222,0.2135,0.24056,0.16013,0.16667
0.18074,0.2846,0.083205,0.28868,1,0.034816,0,0.32585,0.15492,0.28168,0.2,0.28577,0.19188,0.16,0,0.18084,0,0.091766,0.2117,0.26,0.14434,0,0.033333,0.078784,0.225,0,0.18074,0.30237,0,0.075,0.075,0.057735,0.16667,0.07746,0.05164,0.13333,0.2,0.18353,0.15,0.18353,0.11785,0.066667,0.24962,0.086603,0.08165,0.16667,0.13868,0.22188,0.3,0.14552,0.18074,0.2582,0.16667,0.10911,0.22361,0.24962,0.24962,0.13868,0.14142,0.05164,0.22361,0.12649,0.16667,0.16,0.12247,0.22942,0.14434,0.066667,0.19188,0.225,0.19415,0.18974,0.15275,0.26679,0.29104,0.3,0.12247,0.15492,0.11547,0.18353,0.20412,0.24254,0.19188,0,0.22188,0.26679,0.15492,0.1964,0.17321,0.14434,0.045883,0.16667,0.16667,0.11785,0.2,0.08165,0.15492,0.16667,0.14434,0.2,0.14434,0.17321,0.086603,0.20412,0.19415,0.25,0.23333,0.13765,0.21573,0.20207,0.11094,0.2,0.14434,0.27735,0.091766,0.16059,0.22188,0.24,0.26726,0.25927,0.16641,0.07746,0.20412,0.16036,0.15492,0.22136,0.22136,0.11547,0.16667,0.10328,0.05547,0.1,0.27735,0.22361,0.17321,0.1291,0.18353,0.15492,0.25298,0.24004,0.20207,0.18353,0.27735,0.19415,0.16667,0.20647,0.14596,0.27735,0.25927,0.18974,0.22188,0.32717,0.13333,0.175,0.17321,0.22937,0.17056,0.225,0.25495,0.2,0.086603,0.18074,0.24597,0.20207,0.20125,0.1,0.20851,0.17321,0.12247,0.24962,0.040825,0.08165,0.19445,0.25927,0.1,0.25298,0.25298,0.125,0.17056,0.19415,0.16667,0.2,0.18898,0,0.2,0.14434,0.13765,0.16,0.12247,0.13333,0.23238,0.14142,0.225,0.14434,0.25,0.18371,0.24962,0.125,0.20412,0.22188,0.15492,0.16641,0.22937,0.13765,0.29104,0.16667,0.22361,0.125,0.23333,0.22136,0.25022,0.24749,0.25,0.13333,0.10328,0.17321,0.1,0.1964,0.20412,0.16667,0.11547,0.18,0.11547,0.11094,0.2,0.13868,0.20207
0,0,0.096561,0,0.034816,1,0,0.029854,0.022473,0.022288,0.02176,0,0.018557,0.034816,0,0,0.06333,0.039936,0,0.034816,0.025126,0.025126,0.14506,0.09143,0.02176,0,0,0,0.022473,0.1088,0.1088,0.025126,0,0.06742,0.044947,0.058026,0,0,0.043519,0.059904,0.082061,0,0.02414,0.075378,0.035533,0,0.096561,0,0.034816,0,0.06742,0,0,0.075974,0.019462,0,0.02414,0,0.04103,0.089893,0.019462,0,0,0.017408,0,0.039936,0.050252,0.029013,0.018557,0.065279,0.02414,0.055048,0.075974,0.02111,0.04222,0,0,0.06742,0,0,0,0.02111,0.018557,0.035533,0.02414,0,0,0,0.050252,0.025126,0.039936,0.029013,0,0.04103,0.058026,0,0.06742,0.029013,0,0.065279,0,0.050252,0.075378,0,0,0,0.058026,0.059904,0.034139,0.050252,0.1207,0.034816,0.025126,0,0.09984,0.039936,0,0,0,0.020515,0.04828,0.06742,0,0.046524,0,0,0,0,0,0.06742,0.04828,0,0.04828,0.058387,0.075378,0.022473,0.019968,0.022473,0,0.018993,0.050252,0,0.04828,0.04828,0,0,0.018149,0.04828,0.020515,0.055048,0,0,0.029013,0,0,0.036298,0.018557,0,0.034139,0.02176,0,0.044947,0,0.025126,0.019462,0.058026,0,0,0.035533,0,0.1066,0.035533,0.046159,0,0.029013,0,0,0.065279,0.05567,0.02414,0,0.02176,0.065795,0.1066,0.02176,0.025126,0.039936,0.052223,0,0.029013,0,0.020515,0.02176,0,0.043519,0.0533,0,0.1088,0,0.096561,0,0.02414,0,0.019968,0.02111,0,0.019462,0.065279,0,0.055048,0,0.030773,0.065279,0.087039,0.044947,0,0.029013,0.018993,0,0.029013,0.025126,0.034816,0,0.02414,0.02176,0,0.075378
0,0,0,0.024056,0,0,1,0.064312,0,0.048014,0.03125,0,0.0533,0.05,0,0.06165,0,0,0.024056,0.05,0.072169,0.10825,0,0.082067,0,0.20801,0,0.047246,0,0.03125,0.03125,0.10825,0,0.096825,0.06455,0,0.0625,0.086031,0.03125,0,0.029463,0.083333,0,0,0,0.083333,0,0.034669,0.025,0,0.032275,0,0.041667,0.054554,0.027951,0.069338,0,0.13868,0.088388,0.032275,0.055902,0.039528,0,0.1,0.051031,0.028677,0.072169,0.041667,0.07995,0,0,0,0,0,0,0,0.051031,0.032275,0,0.057354,0,0,0.07995,0.051031,0,0.030317,0.06455,0.054554,0.036084,0,0.057354,0,0.041667,0.088388,0,0.051031,0.032275,0,0.10825,0,0.072169,0,0.072169,0,0.034669,0,0,0.11471,0.073544,0,0,0.075,0.036084,0,0,0.086031,0,0.075,0,0,0.034669,0.096825,0,0,0.096825,0,0,0,0,0.06455,0.034669,0.041667,0,0,0,0.06455,0.057354,0.032275,0,0,0.036084,0.057354,0,0.034669,0.041667,0.057354,0.10426,0,0,0,0.069338,0.024056,0,0.03125,0.036084,0.052129,0.02665,0.03125,0,0.03125,0.072169,0.032275,0.055902,0,0,0.041667,0.078193,0,0,0.034669,0,0,0,0.029463,0.041667,0,0,0.0625,0.0533,0,0.083333,0.03125,0.023623,0,0.03125,0.072169,0.057354,0.05,0.051031,0,0.06455,0.029463,0,0.072169,0.03125,0,0,0.03125,0,0,0.096825,0.034669,0.052129,0.086031,0,0.041667,0.027951,0.0625,0,0,0,0.066291,0,0,0.06455,0,0.083333,0.054554,0,0,0.036084,0.025,0,0.034669,0.03125,0,0
0.17712,0.29828,0.071348,0.31355,0.32585,0.029854,0.064312,1,0.17712,0.27448,0.23581,0.24505,0.21938,0.18865,0,0.14097,0,0.078689,0.21453,0.343,0.17328,0.024754,0.028583,0.067557,0.21437,0.071348,0.17712,0.3241,0,0.085749,0.085749,0.099015,0.1715,0.13284,0.044281,0.11433,0.23581,0.17705,0.19294,0.17705,0.12127,0.085749,0.26161,0.099015,0.070014,0.20008,0.1427,0.26161,0.343,0.12478,0.19926,0.2214,0.22866,0.13098,0.24926,0.28539,0.26161,0.21404,0.16169,0.044281,0.24926,0.10847,0.1715,0.2058,0.14003,0.23607,0.17328,0.057166,0.2011,0.19294,0.19026,0.21693,0.13098,0.27036,0.29116,0.2744,0.21004,0.15498,0.099015,0.21639,0.21004,0.24957,0.21938,0,0.23783,0.27036,0.15498,0.22454,0.19803,0.14852,0.059017,0.1715,0.20008,0.14148,0.20008,0.10502,0.15498,0.1715,0.22278,0.19294,0.17328,0.17328,0.12377,0.21004,0.19026,0.23581,0.22866,0.17705,0.23544,0.17328,0.09513,0.22295,0.17328,0.19026,0.078689,0.23607,0.23783,0.2744,0.27501,0.28296,0.19026,0.088561,0.21004,0.18334,0.19926,0.21693,0.21693,0.099015,0.1715,0.13284,0.047565,0.057166,0.28539,0.24926,0.17328,0.13284,0.21639,0.13284,0.21693,0.26197,0.22278,0.17705,0.30917,0.23783,0.22866,0.21639,0.16092,0.28539,0.28296,0.21693,0.26161,0.31355,0.11433,0.1715,0.17328,0.25032,0.16454,0.23581,0.26907,0.23581,0.074261,0.15498,0.26844,0.14852,0.15339,0.11433,0.25032,0.19803,0.14003,0.30917,0.035007,0.070014,0.15158,0.30317,0.1715,0.21693,0.21693,0.12862,0.2011,0.19026,0.20008,0.21437,0.19446,0,0.21437,0.17328,0.13771,0.18865,0.14003,0.11433,0.30997,0.12127,0.21437,0.19803,0.21437,0.17504,0.19026,0.12862,0.21004,0.21404,0.17712,0.19026,0.23244,0.21639,0.27036,0.1715,0.26844,0.15006,0.1715,0.27116,0.28608,0.27285,0.25725,0.14292,0.088561,0.19803,0.14292,0.20583,0.21004,0.1715,0.099015,0.18865,0.099015,0.11891,0.19294,0.1427,0.19803
0.066667,0.1633,0,0.14907,0.15492,0.022473,0,0.17712,1,0.066118,0.1291,0.10541,0.1101,0.1291,0,0,0.093934,0.059235,0.14907,0.20656,0.1118,0,0.043033,0.016952,0.1291,0,0.066667,0.19518,0,0.096825,0.096825,0.037268,0.086066,0.1,0.033333,0.086066,0.1291,0.059235,0.16137,0.088852,0.091287,0,0.17903,0.1118,0.052705,0.086066,0.071611,0.14322,0.15492,0,0.066667,0.066667,0.086066,0.084515,0.11547,0.14322,0.14322,0.071611,0.060858,0.033333,0.20207,0,0.086066,0.1291,0.10541,0.11847,0.074536,0.043033,0.13762,0.06455,0.35806,0.1633,0.084515,0.15656,0.12524,0.10328,0.10541,0.1,0,0.11847,0.10541,0.12524,0.1101,0,0.17903,0.12524,0,0.056344,0.074536,0.1118,0,0.086066,0.086066,0.091287,0.086066,0,0.066667,0.1291,0.074536,0.1291,0.074536,0.074536,0.074536,0.10541,0.071611,0.1291,0.086066,0.14809,0.10127,0.074536,0,0.10328,0.074536,0.071611,0.088852,0.11847,0.14322,0.10328,0.13801,0.213,0.14322,0.033333,0.10541,0.13801,0.066667,0.1633,0.1633,0,0.086066,0.066667,0,0,0.14322,0.14434,0.1118,0.1,0.14809,0.1,0.08165,0.1972,0.074536,0.059235,0.14322,0.14322,0.086066,0.11847,0.053838,0.14322,0.18257,0.1633,0.14322,0.14907,0.086066,0.06455,0.074536,0.10768,0.082572,0.1291,0.20255,0.1291,0,0.066667,0.11547,0.074536,0.057735,0,0.10768,0.14907,0.26352,0.14322,0,0.052705,0.068465,0.18257,0.086066,0.08165,0.08165,0.032275,0.082572,0.10742,0.086066,0.16137,0.19518,0.052705,0.1291,0.074536,0.11847,0.1291,0.10541,0.086066,0.2,0.060858,0.16137,0.074536,0.06455,0.079057,0.071611,0.06455,0.10541,0.071611,0.066667,0.14322,0.10768,0.11847,0.15656,0.086066,0.14434,0.032275,0.086066,0.1633,0.21535,0.13693,0.1291,0.086066,0.066667,0.14907,0.21517,0.084515,0.10541,0.1291,0.074536,0.10328,0,0.035806,0.096825,0.071611,0.074536
0.26447,0.22269,0.14204,0.36961,0.28168,0.022288,0.048014,0.27448,0.066118,1,0.19206,0.23522,0.17743,0.15364,0,0.36836,0,0.20562,0.11088,0.12804,0.18481,0.018481,0.021339,0.1345,0.20806,0.053267,0.26447,0.20567,0,0.032009,0.032009,0.16632,0.19206,0.066118,0.11571,0.064018,0.19206,0.26436,0.080023,0.24968,0.1358,0.17072,0.19531,0.036961,0.18295,0.23473,0.1598,0.23082,0.28168,0.35712,0.18182,0.39671,0.21339,0.1397,0.27198,0.21307,0.19531,0.19531,0.16598,0.11571,0.27198,0.30367,0.19206,0.16645,0.052271,0.2203,0.18481,0.14938,0.17743,0.27208,0.088778,0.080978,0.15367,0.29501,0.29501,0.43533,0.078406,0.16529,0.29569,0.17624,0.26135,0.29501,0.19108,0,0.19531,0.27948,0.39671,0.34925,0.20329,0.16632,0.11749,0.19206,0.21339,0.15089,0.23473,0.20908,0.16529,0.19206,0.20329,0.096028,0.18481,0.18481,0.055442,0.26135,0.30184,0.19206,0.21339,0.17624,0.27621,0.20329,0.1598,0.19206,0.18481,0.30184,0.044061,0.10281,0.19531,0.3585,0.32508,0.21125,0.071022,0.14877,0.26135,0.068439,0.19835,0.10122,0.10122,0.29569,0.19206,0.066118,0.12429,0.17072,0.21307,0.27198,0.18481,0.14877,0.17624,0.16529,0.3644,0.18161,0.20329,0.27905,0.21307,0.088778,0.21339,0.19093,0.22693,0.21307,0.19616,0.080978,0.21307,0.34497,0.064018,0.25607,0.20329,0.26698,0.25933,0.17605,0.26366,0.19206,0.16632,0.18182,0.27198,0.18481,0.25767,0.19206,0.26698,0.073922,0.052271,0.21307,0.026135,0.18295,0.29424,0.21125,0.064018,0.3644,0.3644,0.25607,0.24568,0.28409,0.21339,0.17605,0.084688,0,0.17605,0.18481,0.16156,0.15364,0.052271,0.064018,0.11571,0.15089,0.19206,0.18481,0.28808,0.30056,0.30184,0.064018,0.26135,0.19531,0.19835,0.071022,0.28032,0.088121,0.27948,0.19206,0.2863,0.25607,0.21339,0.10122,0.10679,0.26029,0.19206,0.064018,0.049588,0.073922,0.064018,0.34925,0.26135,0.19206,0.055442,0.32009,0.29569,0.28409,0.27208,0.1598,0.18481
0.1291,0.19764,0.10401,0.24056,0.2,0.02176,0.03125,0.23581,0.1291,0.19206,1,0.15309,0.2132,0.175,0,0.10275,0,0.057354,0.16839,0.2,0.10825,0.072169,0.041667,0.065653,0.15625,0.034669,0.1291,0.21261,0.032275,0.0625,0.0625,0.072169,0.125,0.096825,0.06455,0.083333,0.1875,0.11471,0.15625,0.11471,0.11785,0.041667,0.17334,0.072169,0.051031,0.125,0.10401,0.24268,0.225,0.090951,0.16137,0.16137,0.20833,0.10911,0.27951,0.17334,0.20801,0.10401,0.088388,0.06455,0.16771,0.079057,0.125,0.15,0.10206,0.17206,0.10825,0.041667,0.13325,0.125,0.13868,0.15811,0.10911,0.1819,0.1819,0.2,0.15309,0.096825,0.072169,0.17206,0.15309,0.21222,0.18655,0.051031,0.17334,0.1819,0.096825,0.16366,0.14434,0.10825,0.057354,0.16667,0.16667,0.11785,0.125,0.10206,0.1291,0.125,0.18042,0.125,0.18042,0.10825,0.10825,0.15309,0.13868,0.15625,0.125,0.086031,0.1716,0.10825,0.069338,0.15,0.18042,0.13868,0.11471,0.14338,0.17334,0.2,0.20045,0.20624,0.13868,0.032275,0.15309,0.20045,0.1291,0.15811,0.15811,0.072169,0.125,0.1291,0.10401,0.041667,0.17334,0.16771,0.10825,0.096825,0.14338,0.096825,0.15811,0.19094,0.14434,0.11471,0.17334,0.13868,0.20833,0.17206,0.13032,0.17334,0.20624,0.15811,0.17334,0.21651,0.125,0.125,0.14434,0.18245,0.13325,0.15625,0.19612,1,0.072169,0.096825,0.16771,0.14434,0.13975,0.083333,0.18245,0.14434,0.10206,0.20801,0.051031,0.051031,0.15468,0.2357,0.125,0.15811,0.15811,0.0625,0.13325,0.13868,0.125,0.15625,0.14174,0.051031,0.1875,0.14434,0.086031,0.175,0.10206,0.125,0.19365,0.11785,0.15625,0.14434,0.15625,0.15309,0.13868,0.09375,0.15309,0.10401,0.1291,0.13868,0.15639,0.17206,0.1819,0.125,0.19566,0.0625,0.125,0.15811,0.20851,0.19887,0.1875,0.125,0.06455,0.14434,0.083333,0.13639,0.15309,0.125,0.10825,0.15,0.072169,0.10401,0.15625,0.10401,0.14434
0.15811,0.2582,0.056614,0.2357,0.28577,0,0,0.24505,0.10541,0.23522,0.15309,1,0.13056,0.12247,0,0.13423,0,0.093659,0.11785,0.1633,0.11785,0,0,0.053606,0.15309,0,0.15811,0.23146,0,0.051031,0.051031,0.058926,0.13608,0.052705,0.052705,0.068041,0.15309,0.14049,0.10206,0.14049,0.096225,0.068041,0.22646,0.058926,0.083333,0.13608,0.11323,0.16984,0.24495,0.14852,0.10541,0.26352,0.13608,0.089087,0.18257,0.22646,0.22646,0.11323,0.096225,0.052705,0.18257,0.1291,0.13608,0.12247,0.083333,0.14049,0.11785,0.068041,0.13056,0.15309,0.11323,0.1291,0.089087,0.24754,0.24754,0.28577,0.083333,0.10541,0.11785,0.14049,0.16667,0.19803,0.13056,0,0.16984,0.24754,0.15811,0.17817,0.11785,0.11785,0.046829,0.13608,0.13608,0.096225,0.13608,0.083333,0.10541,0.13608,0.11785,0.10206,0.11785,0.11785,0.058926,0.16667,0.16984,0.20412,0.13608,0.093659,0.16013,0.11785,0.056614,0.12247,0.11785,0.22646,0.046829,0.093659,0.16984,0.20412,0.21822,0.19245,0.11323,0.052705,0.16667,0.10911,0.10541,0.1291,0.1291,0.11785,0.13608,0.052705,0.056614,0.068041,0.22646,0.18257,0.11785,0.10541,0.14049,0.10541,0.2582,0.17817,0.11785,0.14049,0.22646,0.11323,0.13608,0.14049,0.12769,0.22646,0.19245,0.1291,0.16984,0.31427,0.068041,0.15309,0.11785,0.17025,0.13056,0.20412,0.20016,0.15309,0.058926,0.10541,0.22822,0.11785,0.13693,0.068041,0.17025,0.11785,0.083333,0.22646,0,0.083333,0.14434,0.19245,0.068041,0.2582,0.2582,0.10206,0.13056,0.16984,0.13608,0.15309,0.11573,0,0.15309,0.11785,0.093659,0.12247,0.083333,0.068041,0.15811,0.096225,0.15309,0.11785,0.20412,0.16667,0.22646,0.051031,0.16667,0.11323,0.10541,0.11323,0.17025,0.093659,0.29704,0.13608,0.18257,0.10206,0.13608,0.1291,0.17025,0.18042,0.20412,0.068041,0.052705,0.11785,0.068041,0.17817,0.16667,0.13608,0.058926,0.1633,0.11785,0.11323,0.20412,0.11323,0.11785
0.1101,0.16855,0.088697,0.20515,0.19188,0.018557,0.0533,0.21938,0.1101,0.17743,0.2132,0.13056,1,0.14924,0,0.1402,0,0.048912,0.18464,0.17056,0.092319,0.092319,0.035533,0.083984,0.1599,0.029566,0.1101,0.20146,0.027524,0.0533,0.0533,0.061546,0.1066,0.082572,0.082572,0.1066,0.1599,0.12228,0.13325,0.097823,0.12563,0.035533,0.14783,0.061546,0.043519,0.1066,0.088697,0.17739,0.2132,0.077563,0.13762,0.13762,0.17767,0.093048,0.19069,0.14783,0.17739,0.088697,0.075378,0.055048,0.14302,0.06742,0.1066,0.12792,0.13056,0.17119,0.092319,0.035533,0.13636,0.1066,0.14783,0.13484,0.11631,0.15513,0.15513,0.17056,0.17408,0.1101,0.061546,0.14673,0.13056,0.18098,0.18182,0.087039,0.14783,0.15513,0.082572,0.1861,0.12309,0.092319,0.048912,0.14213,0.14213,0.1005,0.1066,0.087039,0.1101,0.1066,0.15386,0.13325,0.12309,0.092319,0.092319,0.13056,0.11826,0.1599,0.1066,0.073367,0.16725,0.15386,0.059131,0.14924,0.12309,0.14783,0.12228,0.12228,0.14783,0.17056,0.17094,0.17588,0.14783,0.027524,0.13056,0.17094,0.13762,0.16855,0.16855,0.061546,0.1066,0.13762,0.11826,0.071067,0.14783,0.14302,0.092319,0.1101,0.12228,0.1101,0.13484,0.16283,0.12309,0.12228,0.14783,0.11826,0.17767,0.17119,0.11114,0.14783,0.17588,0.13484,0.14783,0.18464,0.14213,0.13325,0.15386,0.15559,0.13636,0.13325,0.16725,0.2132,0.12309,0.13762,0.14302,0.18464,0.16686,0.071067,0.15559,0.12309,0.087039,0.20696,0.043519,0.043519,0.1696,0.20101,0.14213,0.13484,0.13484,0.0533,0.11364,0.11826,0.1066,0.1599,0.14102,0.043519,0.1599,0.12309,0.097823,0.14924,0.087039,0.14213,0.16514,0.12563,0.1599,0.15386,0.13325,0.13056,0.14783,0.07995,0.13056,0.088697,0.16514,0.11826,0.15559,0.17119,0.15513,0.1066,0.16686,0.0533,0.14213,0.13484,0.17782,0.1696,0.1599,0.1066,0.1101,0.12309,0.071067,0.11631,0.13056,0.1066,0.12309,0.12792,0.061546,0.088697,0.13325,0.088697,0.12309
0.10328,0.15811,0.083205,0.19245,0.16,0.034816,0.05,0.18865,0.1291,0.15364,0.175,0.12247,0.14924,1,0.072761,0.082199,0.072761,0.091766,0.13472,0.16,0.11547,0.086603,0.066667,0.13131,0.125,0.05547,0.10328,0.17008,0.07746,0.1,0.1,0.086603,0.13333,0.10328,0.10328,0.066667,0.2,0.11471,0.15,0.13765,0.11785,0.066667,0.16641,0.11547,0.08165,0.1,0.083205,0.16641,0.18,0.072761,0.1291,0.1291,0.13333,0.15275,0.17889,0.13868,0.19415,0.083205,0.11785,0.10328,0.15652,0.094868,0.13333,0.18,0.08165,0.13765,0.086603,0.1,0.14924,0.1,0.13868,0.12649,0.13093,0.16977,0.14552,0.16,0.12247,0.10328,0.057735,0.18353,0.12247,0.16977,0.14924,0.040825,0.16641,0.16977,0.07746,0.13093,0.11547,0.14434,0.11471,0.16667,0.13333,0.14142,0.1,0.08165,0.1291,0.13333,0.11547,0.1,0.14434,0.11547,0.086603,0.12247,0.13868,0.15,0.1,0.091766,0.13728,0.086603,0.05547,0.14,0.11547,0.11094,0.11471,0.13765,0.16641,0.16,0.16036,0.18856,0.11094,0.07746,0.12247,0.16036,0.10328,0.12649,0.12649,0.057735,0.13333,0.10328,0.083205,0.066667,0.13868,0.15652,0.11547,0.1291,0.16059,0.1291,0.12649,0.1964,0.11547,0.11471,0.13868,0.13868,0.13333,0.16059,0.14596,0.13868,0.16499,0.12649,0.13868,0.19245,0.1,0.125,0.11547,0.16681,0.14924,0.2,0.19612,0.175,0.057735,0.07746,0.15652,0.11547,0.1118,0.066667,0.16681,0.11547,0.12247,0.16641,0.040825,0.08165,0.1591,0.18856,0.1,0.12649,0.12649,0.075,0.14924,0.13868,0.1,0.15,0.17008,0.08165,0.175,0.11547,0.11471,0.22,0.12247,0.1,0.15492,0.14142,0.15,0.14434,0.125,0.14289,0.11094,0.1,0.12247,0.083205,0.10328,0.13868,0.14596,0.16059,0.16977,0.13333,0.17889,0.075,0.1,0.12649,0.16681,0.19445,0.15,0.1,0.07746,0.11547,0.1,0.13093,0.12247,0.13333,0.14434,0.16,0.057735,0.11094,0.15,0.13868,0.11547
0,0,0,0,0,0,0,0,0,0,0,0,0,0.072761,1,0,0,0,0,0,0,0,0,0.095539,0,0,0,0,0.18787,0,0,0,0.12127,0,0,0,0,0,0,0.083462,0,0.12127,0,0.10502,0,0,0,0,0,0,0,0,0,0.079388,0,0,0,0,0.085749,0,0,0,0.12127,0.072761,0,0,0,0,0,0,0,0,0.079388,0,0,0,0,0,0,0.083462,0,0,0,0,0,0,0,0,0,0.10502,0.16692,0,0,0,0,0,0,0,0,0,0,0.10502,0,0,0,0.090951,0,0,0,0,0,0.072761,0,0,0,0.083462,0.1009,0,0,0,0,0,0,0,0,0,0,0,0.12127,0,0,0,0,0,0,0,0.083462,0,0,0.079388,0,0.083462,0,0,0,0,0,0,0,0,0,0,0,0.090951,0,0,0.077563,0.090951,0,0,0,0,0.081349,0,0,0,0.075858,0,0,0,0,0,0,0,0,0,0,0,0,0,0,0,0,0,0,0,0,0.072761,0,0,0,0.085749,0,0,0,0,0,0,0,0,0,0,0.075858,0.083462,0,0,0,0,0,0,0,0,0,0,0,0,0,0,0,0,0,0,0,0,0,0.2018,0
0.16979,0.10398,0.091192,0.22147,0.18084,0,0.06165,0.14097,0,0.36836,0.10275,0.13423,0.1402,0.082199,0,1,0,0.15086,0.11074,0.01644,0.11864,0.023729,0,0.086347,0.14385,0.068394,0.16979,0.13981,0,0,0,0.14237,0.1096,0.042448,0.084895,0.082199,0.10275,0.22629,0.02055,0.15086,0.077498,0.137,0.091192,0,0.13423,0.1644,0.091192,0.11399,0.14796,0.23924,0.10612,0.25469,0.137,0.089687,0.16542,0.11399,0.091192,0.13679,0.096873,0.084895,0.1838,0.20795,0.1096,0.098639,0,0.15086,0.11864,0.1096,0.1402,0.1644,0.068394,0,0.12556,0.15949,0.15949,0.26304,0.033558,0.084895,0.18983,0.094289,0.13423,0.15949,0.15772,0,0.091192,0.15949,0.29713,0.23319,0.11864,0.094916,0.094289,0.1096,0.137,0.096873,0.1096,0.16779,0.084895,0.1096,0.1661,0.06165,0.11864,0.094916,0.023729,0.13423,0.18238,0.14385,0.1096,0.13201,0.20957,0.1661,0.091192,0.14796,0.11864,0.25078,0.056574,0.037716,0.091192,0.23016,0.17575,0.077498,0,0.10612,0.13423,0,0.19101,0.077981,0.077981,0.18983,0.1096,0.021224,0.091192,0.1918,0.091192,0.14704,0.094916,0.084895,0.094289,0.14857,0.20795,0.07175,0.11864,0.22629,0.091192,0,0.137,0.15086,0.1714,0.091192,0.077498,0,0.11399,0.18983,0.082199,0.1644,0.18983,0.15426,0.2103,0.082199,0.12897,0.10275,0.18983,0.14857,0.16542,0.1661,0.25733,0.137,0.1714,0,0,0.11399,0,0.13423,0.26156,0.096873,0.0274,0.20795,0.20795,0.2055,0.15772,0.18238,0.137,0.082199,0.046603,0,0.082199,0.11864,0.15086,0.082199,0,0.082199,0.021224,0.13562,0.14385,0.11864,0.18495,0.20135,0.25078,0,0.13423,0.091192,0.19101,0,0.20568,0.037716,0.15949,0.1096,0.16542,0.2055,0.1918,0,0,0.13078,0.082199,0,0.063671,0,0.0274,0.23319,0.13423,0.1096,0.071187,0.23016,0.18983,0.20518,0.18495,0.091192,0.094916
0,0,0,0,0,0.06333,0,0,0.093934,0,0,0,0,0.072761,0,0,1,0.22257,0,0,0.10502,0,0.12127,0.04777,0,0,0,0,0,0.090951,0.090951,0.10502,0,0.093934,0.093934,0,0,0,0.090951,0.083462,0.085749,0,0.1009,0.10502,0.14852,0,0,0,0,0,0,0,0,0.079388,0,0,0,0,0,0.093934,0.081349,0,0,0.072761,0,0,0,0.12127,0.077563,0,0.1009,0,0.079388,0.088235,0,0,0,0.093934,0,0,0,0,0,0,0.1009,0,0,0,0,0.10502,0,0,0,0.085749,0,0,0,0.12127,0,0,0,0,0,0,0,0,0,0.083462,0,0,0,0,0,0,0.083462,0,0,0,0,0.085749,0,0.093934,0,0,0,0,0,0,0,0,0,0,0,0.081349,0.10502,0.093934,0.083462,0.093934,0,0.079388,0,0,0,0,0,0,0,0,0,0,0,0,0,0,0,0,0.077563,0,0.1427,0,0,0,0,0,0,0,0,0,0.14852,0,0,0.14852,0.064312,0,0,0,0,0.090951,0.077563,0.1009,0,0.090951,0.1375,0.14852,0,0,0.16692,0.072761,0,0,0,0,0.090951,0,0,0.074261,0,0,0,0,0,0,0,0,0.088235,0,0.081349,0.090951,0,0,0,0,0,0,0,0,0.12127,0.079388,0,0.12127,0,0.14552,0,0.1009,0.090951,0,0
0.11847,0.072548,0.063628,0.13245,0.091766,0.039936,0,0.078689,0.059235,0.20562,0.057354,0.093659,0.048912,0.091766,0,0.15086,0.22257,1,0,0,0.13245,0,0.076472,0.090371,0.057354,0,0.11847,0.043355,0,0.057354,0.057354,0.13245,0.076472,0.059235,0.11847,0,0.057354,0.10526,0.057354,0.15789,0.10815,0.076472,0.12726,0.066227,0.18732,0.076472,0.063628,0.063628,0.091766,0.16692,0.059235,0.1777,0.076472,0.10013,0.1026,0.063628,0.063628,0.063628,0.054074,0.11847,0.2052,0.1451,0.076472,0.091766,0,0.052632,0.066227,0.15294,0.097823,0.11471,0.063628,0,0.10013,0.16692,0.11128,0.18353,0,0.11847,0.13245,0.052632,0.093659,0.11128,0.048912,0,0.12726,0.11128,0.1777,0.15019,0.066227,0.13245,0.052632,0.076472,0.076472,0.10815,0.076472,0.093659,0.059235,0.15294,0.066227,0,0.066227,0.066227,0,0.093659,0.12726,0.057354,0.076472,0.10526,0.089984,0.066227,0.063628,0.045883,0.066227,0.12726,0.052632,0,0.063628,0.13765,0.12263,0.10815,0,0.11847,0.093659,0,0.059235,0,0,0.13245,0.076472,0,0.063628,0.076472,0.063628,0.1539,0.13245,0.11847,0.10526,0.11847,0.1451,0.10013,0.066227,0.10526,0.063628,0,0.076472,0.052632,0.095673,0.063628,0.054074,0,0.063628,0.13245,0,0.11471,0.066227,0.095673,0.14673,0.057354,0.17997,0.057354,0.066227,0.059235,0.1026,0.066227,0.1026,0.076472,0.095673,0,0.093659,0.063628,0,0.18732,0.16222,0.054074,0,0.1451,0.1451,0.22942,0.14673,0.25451,0.076472,0.11471,0.086711,0.093659,0.057354,0.066227,0.15789,0.091766,0,0,0,0.054074,0.11471,0.066227,0.11471,0.18732,0.12726,0,0.093659,0.063628,0.059235,0,0.095673,0,0.16692,0.076472,0.1539,0.17206,0.076472,0,0,0.081111,0.057354,0,0,0,0.076472,0.20025,0.093659,0.15294,0,0.22942,0.13245,0.19089,0.22942,0.063628,0.066227
0.074536,0.213,0,0.24074,0.2117,0,0.024056,0.21453,0.14907,0.11088,0.16839,0.11785,0.18464,0.13472,0,0.11074,0,0,1,0.25019,0.083333,0.027778,0,0,0.19245,0.026688,0.074536,0.29096,0,0.072169,0.072169,0.027778,0.096225,0.099381,0,0.16038,0.16839,0.11038,0.19245,0.066227,0.068041,0,0.16013,0.083333,0,0.096225,0.080064,0.18682,0.2117,0,0.099381,0.074536,0.1283,0.062994,0.15062,0.16013,0.16013,0.080064,0.068041,0,0.1291,0,0.096225,0.15396,0.11785,0.24283,0.083333,0,0.16412,0.072169,0.26688,0.213,0.10499,0.16337,0.14003,0.11547,0.15713,0.074536,0,0.15453,0.11785,0.16337,0.18464,0,0.18682,0.14003,0,0.083992,0.11111,0.083333,0.022076,0.096225,0.1283,0.068041,0.096225,0.039284,0.074536,0.096225,0.11111,0.19245,0.11111,0.083333,0.083333,0.11785,0.080064,0.19245,0.096225,0.066227,0.16984,0.13889,0,0.17321,0.11111,0.13344,0.11038,0.15453,0.16013,0.13472,0.1543,0.2268,0.16013,0,0.11785,0.18002,0.14907,0.33472,0.33472,0,0.096225,0.099381,0,0.06415,0.16013,0.1291,0.083333,0.074536,0.13245,0.17392,0.091287,0.18898,0.11111,0.11038,0.16013,0.18682,0.1283,0.26491,0.060193,0.16013,0.2268,0.213,0.16013,0.16667,0.16038,0.072169,0.16667,0.14045,0.12309,0.16839,0.16984,0.16839,0.083333,0.12423,0.1291,0.13889,0.15062,0.032075,0.14045,0.22222,0.11785,0.18682,0,0,0.11907,0.2268,0.1283,0.091287,0.091287,0,0.082061,0.080064,0.096225,0.16839,0.21822,0,0.14434,0.083333,0.11038,0.15396,0.11785,0.16038,0.24845,0.1134,0.19245,0.11111,0.096225,0.058926,0.13344,0.072169,0.11785,0.080064,0.14907,0.16013,0.16051,0.15453,0.14003,0.096225,0.15062,0,0.22453,0.213,0.26084,0.1701,0.14434,0.096225,0.12423,0.22222,0.096225,0.062994,0.11785,0.096225,0.13889,0.07698,0,0.026688,0.096225,0.080064,0.083333
0.10328,0.2846,0.027735,0.25019,0.26,0.034816,0.05,0.343,0.20656,0.12804,0.2,0.1633,0.17056,0.16,0,0.01644,0,0,0.25019,1,0.14434,0,0.033333,0.026261,0.2,0.05547,0.10328,0.35907,0,0.1,0.1,0.028868,0.13333,0.1291,0,0.13333,0.2,0.11471,0.225,0.11471,0.094281,0.033333,0.22188,0.11547,0,0.16667,0.11094,0.22188,0.26,0,0.1291,0.10328,0.13333,0.10911,0.17889,0.24962,0.22188,0.16641,0.14142,0,0.20125,0,0.13333,0.2,0.1633,0.20647,0.14434,0,0.19188,0.125,0.22188,0.2846,0.10911,0.21828,0.21828,0.16,0.1633,0.1291,0,0.18353,0.1633,0.21828,0.19188,0,0.24962,0.19403,0.02582,0.087287,0.14434,0.11547,0,0.13333,0.13333,0.11785,0.16667,0,0.1291,0.13333,0.14434,0.225,0.11547,0.14434,0.14434,0.1633,0.11094,0.2,0.16667,0.16059,0.1765,0.14434,0.05547,0.2,0.11547,0.11094,0.091766,0.22942,0.22188,0.18,0.21381,0.30641,0.22188,0.05164,0.1633,0.24054,0.1291,0.2846,0.2846,0,0.13333,0.1291,0,0,0.27735,0.17889,0.14434,0.10328,0.20647,0.10328,0.12649,0.26186,0.14434,0.11471,0.33282,0.30509,0.13333,0.20647,0.10426,0.27735,0.30641,0.2846,0.30509,0.23094,0.13333,0.1,0.11547,0.18766,0.08528,0.225,0.23534,0.2,0,0.1291,0.20125,0.11547,0.089443,0.033333,0.22937,0.28868,0.1633,0.22188,0.040825,0,0.070711,0.28284,0.13333,0.12649,0.12649,0.05,0.1066,0.11094,0.16667,0.225,0.24568,0,0.2,0.14434,0.11471,0.16,0.1633,0.13333,0.43894,0.094281,0.2,0.11547,0.125,0.08165,0.11094,0.15,0.1633,0.19415,0.1291,0.22188,0.18766,0.20647,0.19403,0.13333,0.17889,0.05,0.13333,0.4111,0.35447,0.22981,0.225,0.16667,0.10328,0.28868,0.16667,0.10911,0.1633,0.13333,0.11547,0.08,0,0,0.1,0.11094,0.14434
0.1118,0.13693,0.040032,0.16667,0.14434,0.025126,0.072169,0.17328,0.1118,0.18481,0.10825,0.11785,0.092319,0.11547,0,0.11864,0.10502,0.13245,0.083333,0.14434,1,0,0.048113,0.056857,0.10825,0.080064,0.1118,0.16366,0,0.072169,0.072169,0.125,0.096225,0.1118,0.074536,0.048113,0.10825,0.13245,0.10825,0.13245,0.10206,0.096225,0.16013,0.083333,0.11785,0.19245,0.080064,0.1201,0.14434,0.10502,0.074536,0.14907,0.096225,0.15749,0.1291,0.16013,0.1201,0.16013,0.10206,0.074536,0.22592,0.091287,0.096225,0.14434,0.058926,0.09934,0.125,0.096225,0.15386,0.10825,0.1201,0.091287,0.094491,0.17504,0.14003,0.17321,0.058926,0.1118,0.083333,0.09934,0.11785,0.14003,0.12309,0,0.16013,0.14003,0.14907,0.12599,0.083333,0.125,0.033113,0.096225,0.096225,0.13608,0.096225,0.058926,0.074536,0.19245,0.16667,0.072169,0.083333,0.083333,0.083333,0.11785,0.1201,0.10825,0.096225,0.16557,0.14153,0.083333,0.040032,0.11547,0.083333,0.1201,0.066227,0.09934,0.1201,0.20207,0.1543,0.1701,0.080064,0.1118,0.11785,0.077152,0.1118,0.091287,0.091287,0.083333,0.096225,0.037268,0.040032,0.048113,0.1201,0.19365,0.125,0.1118,0.19868,0.1118,0.13693,0.15749,0.083333,0.13245,0.1201,0.080064,0.096225,0.09934,0.12039,0.1201,0.13608,0.091287,0.20016,0.16667,0.048113,0.10825,0.083333,0.12039,0.12309,0.10825,0.19815,0.10825,0.041667,0.074536,0.19365,0.083333,0.096825,0.048113,0.15048,0.083333,0.11785,0.1201,0,0.11785,0.12758,0.13608,0.048113,0.13693,0.13693,0.14434,0.12309,0.20016,0.14434,0.14434,0.13639,0.058926,0.10825,0.125,0.16557,0.11547,0.058926,0.048113,0.14907,0.068041,0.14434,0.083333,0.10825,0.14731,0.1201,0.036084,0.11785,0.080064,0.1118,0.080064,0.15048,0.09934,0.17504,0.096225,0.16137,0.14434,0.096225,0.091287,0.12039,0.12758,0.10825,0.048113,0.037268,0.083333,0.19245,0.18898,0.11785,0.19245,0.041667,0.17321,0.083333,0.1201,0.14434,0.080064,0.083333
0,0,0.080064,0.027778,0,0.025126,0.10825,0.024754,0,0.018481,0.072169,0,0.092319,0.086603,0,0.023729,0,0,0.027778,0,0,1,0.048113,0.13267,0,0.080064,0,0,0.037268,0.036084,0.036084,0.041667,0,0.037268,0.1118,0,0.072169,0.033113,0.036084,0,0.068041,0,0,0,0,0,0,0.040032,0.028868,0,0.074536,0,0.048113,0.031497,0.06455,0,0.040032,0,0.034021,0.074536,0,0.045644,0,0.057735,0.058926,0.033113,0,0.048113,0.030773,0,0,0,0.031497,0,0,0,0.058926,0.037268,0,0.066227,0,0.035007,0.061546,0.11785,0,0.035007,0,0.062994,0.041667,0,0.066227,0.048113,0.048113,0.068041,0,0.058926,0.074536,0,0.041667,0,0.083333,0,0.041667,0,0.040032,0,0,0,0.028307,0,0.040032,0.028868,0.041667,0,0.066227,0.033113,0,0.028868,0,0,0.040032,0.037268,0,0.077152,0.037268,0,0,0,0,0.1118,0.1201,0.048113,0,0,0,0.074536,0,0.037268,0,0,0.041667,0,0,0.040032,0.048113,0.066227,0.090289,0,0,0,0,0.027778,0.048113,0.036084,0.041667,0.060193,0.030773,0.036084,0,0.072169,0.083333,0.037268,0,0.041667,0.032275,0.048113,0.030096,0,0,0.040032,0.058926,0,0.051031,0.034021,0.048113,0,0,0,0.061546,0,0,0.036084,0.027277,0.058926,0.072169,0.041667,0,0.086603,0.058926,0.048113,0,0.068041,0,0.083333,0.036084,0.029463,0,0.072169,0,0,0.037268,0.040032,0,0.066227,0,0.048113,0.032275,0,0,0,0,0.076547,0.036084,0.048113,0.074536,0,0,0,0,0,0.083333,0.028868,0,0.040032,0.036084,0,0.041667
0,0,0.1849,0,0.033333,0.14506,0,0.028583,0.043033,0.021339,0.041667,0,0.035533,0.066667,0,0,0.12127,0.076472,0,0.033333,0.048113,0.048113,1,0.10942,0,0,0,0,0.043033,0.041667,0.041667,0.048113,0,0.043033,0.086066,0,0,0,0.041667,0.076472,0.078567,0,0.046225,0.048113,0.068041,0,0,0,0.033333,0,0.086066,0,0,0.072739,0.037268,0,0.046225,0,0.039284,0.086066,0.037268,0,0,0.033333,0,0.038236,0,0.055556,0.035533,0.041667,0.046225,0,0.10911,0.040423,0.040423,0,0,0.086066,0,0,0,0.040423,0.035533,0.068041,0.046225,0,0,0,0.048113,0.048113,0,0.055556,0,0.078567,0.055556,0,0.086066,0.055556,0,0.041667,0,0.048113,0.048113,0,0,0,0.055556,0.076472,0,0.048113,0.13868,0.033333,0,0,0.11471,0.038236,0,0,0,0.039284,0,0.086066,0,0.089087,0,0,0,0,0,0.086066,0.09245,0,0.046225,0.037268,0.096225,0.043033,0.038236,0.043033,0,0.03637,0.048113,0,0.046225,0.046225,0,0,0.034752,0.046225,0,0,0,0,0.055556,0,0,0.034752,0.035533,0,0.065372,0.041667,0,0.043033,0,0.048113,0.037268,0.055556,0,0,0.068041,0,0.20412,0.068041,0.088388,0,0,0,0,0.083333,0.071067,0.046225,0,0.041667,0.062994,0.20412,0.041667,0.048113,0.076472,0.1,0,0.055556,0,0.039284,0.041667,0,0.041667,0.068041,0,0.125,0,0.09245,0,0,0,0.038236,0.040423,0,0.037268,0.083333,0,0.052705,0,0.029463,0.083333,0.16667,0,0,0.055556,0.03637,0,0.055556,0.048113,0.066667,0,0.046225,0.041667,0,0.096225
0.067806,0.041523,0.14567,0.07581,0.078784,0.09143,0.082067,0.067557,0.016952,0.1345,0.065653,0.053606,0.083984,0.13131,0.095539,0.086347,0.04777,0.090371,0,0.026261,0.056857,0.13267,0.10942,1,0.04924,0.054627,0.067806,0.024815,0.10171,0.065653,0.065653,0.056857,0.087538,0.016952,0.20342,0,0.082067,0.10543,0.032827,0.13556,0.10832,0.087538,0.054627,0.056857,0.080408,0.043769,0.036418,0.036418,0.10505,0.095539,0.10171,0.10171,0.043769,0.10029,0.088083,0.036418,0.072836,0.036418,0.13927,0.13561,0.073403,0.14533,0.087538,0.10505,0.053606,0.060248,0.037905,0.13131,0.083984,0.11489,0.018209,0,0.12894,0.079616,0.095539,0.10505,0,0.11866,0.07581,0.10543,0.053606,0.095539,0.055989,0.10721,0.054627,0.11146,0.10171,0.11461,0.07581,0.094762,0.13556,0.087538,0.043769,0.13927,0.13131,0.053606,0.15256,0.065653,0.037905,0.04924,0.094762,0.11371,0.037905,0.053606,0.12746,0.065653,0.087538,0.075309,0.051503,0.07581,0.16388,0.078784,0.056857,0.072836,0.075309,0.060248,0.072836,0.078784,0.070186,0.046424,0.036418,0.13561,0.053606,0.070186,0.033903,0,0,0.07581,0.087538,0.10171,0.14567,0.10942,0.072836,0.073403,0.094762,0.13561,0.075309,0.10171,0.083045,0.071634,0.07581,0.090371,0.072836,0.091045,0.043769,0.075309,0.16428,0.072836,0.046424,0,0.036418,0.11371,0.043769,0.13131,0.037905,0.12321,0.097981,0.11489,0.077254,0.065653,0.07581,0.10171,0.088083,0.07581,0.088083,0.087538,0.082138,0,0.026803,0.036418,0.10721,0.080408,0.12767,0.030949,0.021884,0.083045,0.083045,0.11489,0.13997,0.091045,0.043769,0.082067,0.062036,0.080408,0.11489,0.07581,0.060248,0.13131,0.080408,0.043769,0,0.13927,0.04924,0.094762,0.09848,0.13401,0.072836,0.14772,0.053606,0.10925,0.033903,0.072836,0.082138,0.060248,0.079616,0.10942,0.073403,0.11489,0.043769,0.041523,0,0.13927,0.13131,0.087538,0.084758,0,0.021884,0.10029,0.053606,0.065653,0.094762,0.10505,0.07581,0.091045,0.082067,0.10925,0.11371
0.1291,0.19764,0.034669,0.21651,0.225,0.02176,0,0.21437,0.1291,0.20806,0.15625,0.15309,0.1599,0.125,0,0.14385,0,0.057354,0.19245,0.2,0.10825,0,0,0.04924,1,0,0.1291,0.25985,0,0.0625,0.0625,0.036084,0.125,0.06455,0.032275,0.125,0.15625,0.14338,0.15625,0.11471,0.088388,0.041667,0.17334,0.072169,0.051031,0.125,0.10401,0.17334,0.2,0.090951,0.096825,0.16137,0.125,0.081832,0.16771,0.17334,0.17334,0.10401,0.088388,0.032275,0.16771,0.079057,0.125,0.125,0.10206,0.17206,0.10825,0.041667,0.1599,0.15625,0.17334,0.15811,0.10911,0.1819,0.1819,0.2,0.10206,0.096825,0.072169,0.14338,0.15309,0.1819,0.1599,0,0.17334,0.1819,0.096825,0.13639,0.10825,0.10825,0.028677,0.125,0.125,0.088388,0.125,0.051031,0.096825,0.125,0.10825,0.25,0.10825,0.10825,0.072169,0.15309,0.13868,0.1875,0.125,0.086031,0.1716,0.14434,0.034669,0.15,0.14434,0.20801,0.086031,0.11471,0.17334,0.175,0.20045,0.20624,0.13868,0.032275,0.15309,0.13363,0.1291,0.23717,0.23717,0.072169,0.125,0.06455,0.034669,0.083333,0.17334,0.16771,0.10825,0.096825,0.14338,0.1291,0.15811,0.19094,0.10825,0.14338,0.17334,0.13868,0.125,0.17206,0.10426,0.17334,0.2357,0.15811,0.17334,0.21651,0.125,0.125,0.14434,0.15639,0.13325,0.15625,0.19612,0.15625,0.072169,0.1291,0.16771,0.14434,0.16771,0.041667,0.15639,0.14434,0.10206,0.17334,0,0.051031,0.15468,0.20624,0.16667,0.15811,0.15811,0.0625,0.1066,0.13868,0.125,0.15625,0.16536,0,0.15625,0.10825,0.11471,0.125,0.10206,0.125,0.19365,0.11785,0.21875,0.10825,0.125,0.15309,0.20801,0.0625,0.15309,0.10401,0.16137,0.17334,0.20851,0.11471,0.1819,0.125,0.16771,0.0625,0.16667,0.15811,0.20851,0.17678,0.15625,0.083333,0.096825,0.14434,0.083333,0.13639,0.15309,0.125,0.10825,0.125,0.072169,0.069338,0.125,0.10401,0.10825
